星期
1
当前每人已经被退回的包裹数量
vic 3
hhm 7
nfo 4
oiw 4
yyv 8
htb 1
aha 0
sat 0
xos 7
oit 5
kyu 0
pzl 4
zrr 3
orf 0
lcd 8
nwb 4
jhb 5
ojo 3
hsd 3
ipo 4
msj 7
smf 0
jla 3
nsw 0
nzg 2
yyd 0
cen 4
cis 0
msy 3
dii 0
包裹信息
0 1 0 1-0 yyv 19813333702 20221030
0 1 1 1-1 yyd 15976619152 20220402
0 1 2 1-2 msy 15903837854 20221416
0 1 3 1-3 kyu 19490539660 20221404
0 1 4 1-4 nzg 14007734294 20221339
0 1 5 1-5 lcd 18936317311 20220718
0 1 6 1-6 vic 16415222228 20221821
2 1 7 1-7 yyv 19813333702 20220820
0 1 8 1-8 nsw 19121061507 20220235
0 1 9 1-9 hsd 19341062244 20220633
0 1 10 1-10 lcd 18936317311 20221304
0 1 11 1-11 nzg 14007734294 20220400
0 1 12 1-12 smf 19441647964 20220522
0 1 13 1-13 smf 19441647964 20221813
0 1 14 1-14 pzl 14003542108 20221304
2 1 15 1-15 ojo 16250057219 20220204
0 1 16 1-16 kyu 19490539660 20220412
0 1 17 1-17 sat 11409345240 20220523
0 1 18 1-18 ipo 19880424177 20220118
0 1 19 1-19 oiw 14592924733 20221012
0 1 20 1-20 nfo 14737234357 20221205
0 1 21 1-21 oit 18800045523 20220914
0 1 22 1-22 msj 15747610490 20221338
0 1 23 1-23 pzl 14003542108 20220008
2 1 24 1-24 vic 16415222228 20220437
0 1 25 1-25 nwb 17734631721 20221114
0 1 26 1-26 pzl 14003542108 20221014
0 1 27 1-27 ipo 19880424177 20221531
0 1 28 1-28 nsw 19121061507 20221522
2 1 29 1-29 xos 15256240480 20221614
0 1 30 1-30 yyd 15976619152 20221937
0 1 31 1-31 yyv 19813333702 20220518
2 1 32 1-32 hhm 19541122966 20220518
2 1 33 1-33 htb 12661778545 20221028
0 1 34 1-34 ipo 19880424177 20220229
0 1 35 1-35 lcd 18936317311 20220623
0 1 36 1-36 msj 15747610490 20221537
2 1 37 1-37 ojo 16250057219 20220008
2 1 38 1-38 hhm 19541122966 20221930
0 1 39 1-39 xos 15256240480 20220202
0 1 40 1-40 jhb 13775898010 20220707
0 1 41 1-41 yyd 15976619152 20220204
0 1 42 1-42 orf 13477284808 20220506
0 1 43 1-43 jhb 13775898010 20220636
0 1 44 1-44 ipo 19880424177 20220101
2 1 45 1-45 yyv 19813333702 20220626
2 1 46 1-46 zrr 10468906545 20220234
2 1 47 1-47 oit 18800045523 20220936
2 1 48 1-48 htb 12661778545 20220210
0 1 49 1-49 vic 16415222228 20220627
0 1 50 1-50 sat 11409345240 20220418
2 1 51 1-51 hhm 19541122966 20221205
0 1 52 1-52 cis 13316728196 20220105
0 1 53 1-53 sat 11409345240 20221226
0 1 54 1-54 zrr 10468906545 20221911
2 1 55 1-55 yyd 15976619152 20220534
2 1 56 1-56 yyv 19813333702 20221824
0 1 57 1-57 hhm 19541122966 20221421
2 1 58 1-58 yyv 19813333702 20221021
0 1 59 1-59 jla 15568077656 20220119
0 1 60 1-60 kyu 19490539660 20220835
2 1 61 1-61 oiw 14592924733 20220311
0 1 62 1-62 orf 13477284808 20221535
2 1 63 1-63 nzg 14007734294 20220207
2 1 64 1-64 yyv 19813333702 20220529
0 1 65 1-65 vic 16415222228 20220824
0 1 66 1-66 dii 17470184985 20221509
0 1 67 1-67 xos 15256240480 20221028
0 1 68 1-68 hsd 19341062244 20221108
0 1 69 1-69 vic 16415222228 20221315
0 1 70 1-70 oit 18800045523 20221700
0 1 71 1-71 vic 16415222228 20221002
0 1 72 1-72 smf 19441647964 20221823
0 1 73 1-73 htb 12661778545 20221318
0 1 74 1-74 hsd 19341062244 20221101
0 1 75 1-75 nwb 17734631721 20220826
2 1 76 1-76 oiw 14592924733 20221603
2 1 77 1-77 oit 18800045523 20221203
0 1 78 1-78 dii 17470184985 20220106
0 1 79 1-79 nsw 19121061507 20220437
0 1 80 1-80 vic 16415222228 20220234
2 1 81 1-81 oiw 14592924733 20221726
0 1 82 1-82 nfo 14737234357 20221133
0 1 83 1-83 htb 12661778545 20220920
2 1 84 1-84 hhm 19541122966 20221836
0 1 85 1-85 pzl 14003542108 20220435
2 1 86 1-86 orf 13477284808 20220237
0 1 87 1-87 jhb 13775898010 20220320
2 1 88 1-88 ojo 16250057219 20221720
0 1 89 1-89 oit 18800045523 20221816
2 1 90 1-90 oit 18800045523 20220104
0 1 91 1-91 ojo 16250057219 20221523
0 1 92 1-92 cen 12441818950 20220705
0 1 93 1-93 nfo 14737234357 20220602
0 1 94 1-94 yyd 15976619152 20221822
2 1 95 1-95 oiw 14592924733 20220328
0 1 96 1-96 yyv 19813333702 20221616
0 1 97 1-97 xos 15256240480 20220634
2 1 98 1-98 yyd 15976619152 20221629
0 1 99 1-99 zrr 10468906545 20220514
0 1 100 1-100 kyu 19490539660 20221701
0 1 101 1-101 cis 13316728196 20221406
2 1 102 1-102 yyv 19813333702 20220117
0 1 103 1-103 cis 13316728196 20221732
2 1 104 1-104 hhm 19541122966 20221800
0 1 105 1-105 zrr 10468906545 20221510
2 1 106 1-106 oiw 14592924733 20220812
0 1 107 1-107 lcd 18936317311 20221304
0 1 108 1-108 yyv 19813333702 20221619
2 1 109 1-109 vic 16415222228 20220833
0 1 110 1-110 dii 17470184985 20221331
2 1 111 1-111 yyd 15976619152 20220022
0 1 112 1-112 kyu 19490539660 20221120
0 1 113 1-113 nwb 17734631721 20221913
0 1 114 1-114 cen 12441818950 20221733
0 1 115 1-115 yyd 15976619152 20221630
0 1 116 1-116 cen 12441818950 20220705
2 1 117 1-117 hhm 19541122966 20220536
0 1 118 1-118 nfo 14737234357 20221407
0 1 119 1-119 oit 18800045523 20221301
0 1 120 1-120 orf 13477284808 20221123
0 1 121 1-121 ojo 16250057219 20221926
0 1 122 1-122 hsd 19341062244 20221810
2 1 123 1-123 hhm 19541122966 20221626
0 1 124 1-124 hsd 19341062244 20220425
0 1 125 1-125 msj 15747610490 20220522
2 1 126 1-126 nzg 14007734294 20220835
0 1 127 1-127 dii 17470184985 20221516
0 1 128 1-128 hsd 19341062244 20221919
0 1 129 1-129 nzg 14007734294 20220830
0 1 130 1-130 kyu 19490539660 20221009
0 1 131 1-131 orf 13477284808 20220920
0 1 132 1-132 xos 15256240480 20221005
0 1 133 1-133 cen 12441818950 20220911
0 1 134 1-134 cen 12441818950 20220133
0 1 135 1-135 nwb 17734631721 20221902
2 1 136 1-136 oit 18800045523 20220139
2 1 137 1-137 hhm 19541122966 20221837
0 1 138 1-138 orf 13477284808 20220820
0 1 139 1-139 ojo 16250057219 20221822
2 1 140 1-140 htb 12661778545 20220316
0 1 141 1-141 nsw 19121061507 20221612
2 1 142 1-142 xos 15256240480 20220901
0 1 143 1-143 lcd 18936317311 20221326
0 1 144 1-144 msj 15747610490 20220330
0 1 145 1-145 hhm 19541122966 20220530
0 1 146 1-146 cen 12441818950 20221210
0 1 147 1-147 orf 13477284808 20221327
2 1 148 1-148 htb 12661778545 20221908
0 1 149 1-149 ojo 16250057219 20220526
2 1 150 1-150 htb 12661778545 20220113
0 1 151 1-151 smf 19441647964 20221336
0 1 152 1-152 nsw 19121061507 20220505
2 1 153 1-153 orf 13477284808 20220626
0 1 154 1-154 lcd 18936317311 20220509
0 1 155 1-155 xos 15256240480 20220233
2 1 156 1-156 htb 12661778545 20220328
0 1 157 1-157 smf 19441647964 20221312
2 1 158 1-158 nzg 14007734294 20220832
0 1 159 1-159 oiw 14592924733 20220902
2 1 160 1-160 yyv 19813333702 20220006
2 1 161 1-161 hhm 19541122966 20221117
0 1 162 1-162 aha 16238248293 20221117
0 1 163 1-163 zrr 10468906545 20220438
0 1 164 1-164 oit 18800045523 20221006
0 1 165 1-165 zrr 10468906545 20221115
0 1 166 1-166 msy 15903837854 20221637
0 1 167 1-167 jla 15568077656 20221904
0 1 168 1-168 kyu 19490539660 20220407
0 1 169 1-169 dii 17470184985 20220229
0 1 170 1-170 cen 12441818950 20221433
0 1 171 1-171 htb 12661778545 20221406
2 1 172 1-172 yyv 19813333702 20221710
0 1 173 1-173 nzg 14007734294 20221326
0 1 174 1-174 oiw 14592924733 20220600
0 1 175 1-175 cis 13316728196 20220812
2 1 176 1-176 yyv 19813333702 20220304
0 1 177 1-177 kyu 19490539660 20220012
2 1 178 1-178 zrr 10468906545 20221424
2 1 179 1-179 yyv 19813333702 20221612
2 1 180 1-180 oiw 14592924733 20220415
0 1 181 1-181 dii 17470184985 20220608
0 1 182 1-182 yyv 19813333702 20221111
2 1 183 1-183 oiw 14592924733 20221811
0 1 184 1-184 zrr 10468906545 20220022
2 1 185 1-185 oit 18800045523 20220910
0 1 186 1-186 xos 15256240480 20220103
0 1 187 1-187 msy 15903837854 20221532
0 1 188 1-188 oit 18800045523 20221711
2 1 189 1-189 zrr 10468906545 20220301
0 1 190 1-190 yyd 15976619152 20220616
0 1 191 1-191 msj 15747610490 20220501
2 1 192 1-192 htb 12661778545 20220836
2 1 193 1-193 ojo 16250057219 20221225
2 1 194 1-194 ojo 16250057219 20221319
0 1 195 1-195 ipo 19880424177 20220911
2 1 196 1-196 ojo 16250057219 20220421
0 1 197 1-197 cis 13316728196 20221214
0 1 198 1-198 hsd 19341062244 20221524
0 1 199 1-199 jhb 13775898010 20220520
2 1 200 1-200 nzg 14007734294 20221800
0 1 201 1-201 orf 13477284808 20221714
0 1 202 1-202 yyv 19813333702 20221630
0 1 203 1-203 hhm 19541122966 20221519
2 1 204 1-204 zrr 10468906545 20220027
0 1 205 1-205 msj 15747610490 20220000
0 1 206 1-206 xos 15256240480 20220631
2 1 207 1-207 nzg 14007734294 20221524
0 1 208 1-208 msy 15903837854 20221729
0 1 209 1-209 oit 18800045523 20220317
2 1 210 1-210 ojo 16250057219 20221218
0 1 211 1-211 jla 15568077656 20220108
0 1 212 1-212 ojo 16250057219 20221008
2 1 213 1-213 oiw 14592924733 20221305
2 1 214 1-214 htb 12661778545 20221106
2 1 215 1-215 yyv 19813333702 20220712
0 1 216 1-216 msy 15903837854 20220032
2 1 217 1-217 xos 15256240480 20220323
2 1 218 1-218 hhm 19541122966 20221039
2 1 219 1-219 oit 18800045523 20220319
2 1 220 1-220 vic 16415222228 20220135
2 1 221 1-221 hhm 19541122966 20221706
0 1 222 1-222 ipo 19880424177 20221639
0 1 223 1-223 nzg 14007734294 20220635
2 1 224 1-224 nzg 14007734294 20221208
0 1 225 1-225 sat 11409345240 20221219
0 1 226 1-226 cis 13316728196 20220807
2 1 227 1-227 oiw 14592924733 20220721
0 1 228 1-228 ojo 16250057219 20220634
0 1 229 1-229 nzg 14007734294 20220924
0 1 230 1-230 nzg 14007734294 20220931
2 1 231 1-231 oiw 14592924733 20220414
0 1 232 1-232 cen 12441818950 20221834
0 1 233 1-233 nfo 14737234357 20220432
0 1 234 1-234 msj 15747610490 20220532
0 1 235 1-235 dii 17470184985 20221333
0 1 236 1-236 nzg 14007734294 20220739
0 1 237 1-237 dii 17470184985 20221719
2 1 238 1-238 nzg 14007734294 20220820
2 1 239 1-239 xos 15256240480 20221436
2 1 240 1-240 htb 12661778545 20221425
2 1 241 1-241 oit 18800045523 20220839
2 1 242 1-242 hhm 19541122966 20220619
2 1 243 1-243 vic 16415222228 20221237
2 1 244 1-244 oit 18800045523 20220828
2 1 245 1-245 nzg 14007734294 20220037
2 1 246 1-246 yyv 19813333702 20221224
0 1 247 1-247 kyu 19490539660 20220331
2 1 248 1-248 orf 13477284808 20220514
0 1 249 1-249 aha 16238248293 20220117
0 1 250 1-250 xos 15256240480 20220127
0 1 251 1-251 nwb 17734631721 20221614
2 1 252 1-252 zrr 10468906545 20220324
2 1 253 1-253 yyd 15976619152 20220133
0 1 254 1-254 jhb 13775898010 20221035
2 1 255 1-255 vic 16415222228 20220831
0 1 256 1-256 hsd 19341062244 20221235
2 1 257 1-257 oiw 14592924733 20220939
2 1 258 1-258 orf 13477284808 20221935
0 1 259 1-259 orf 13477284808 20221929
0 1 260 1-260 msy 15903837854 20220934
0 1 261 1-261 smf 19441647964 20221701
2 1 262 1-262 oiw 14592924733 20220835
0 1 263 1-263 nfo 14737234357 20220517
0 1 264 1-264 cen 12441818950 20220603
2 1 265 1-265 oiw 14592924733 20220221
2 1 266 1-266 orf 13477284808 20220909
0 1 267 1-267 yyd 15976619152 20221911
0 1 268 1-268 smf 19441647964 20221621
0 1 269 1-269 htb 12661778545 20221121
0 1 270 1-270 xos 15256240480 20220213
2 1 271 1-271 vic 16415222228 20220736
0 1 272 1-272 oiw 14592924733 20220411
2 1 273 1-273 oit 18800045523 20221516
0 1 274 1-274 oit 18800045523 20221325
2 1 275 1-275 oit 18800045523 20221434
2 1 276 1-276 ojo 16250057219 20220531
2 1 277 1-277 nzg 14007734294 20221123
0 1 278 1-278 nfo 14737234357 20220000
2 1 279 1-279 vic 16415222228 20221202
2 1 280 1-280 xos 15256240480 20221023
0 1 281 1-281 msj 15747610490 20221824
2 1 282 1-282 ojo 16250057219 20220938
2 1 283 1-283 zrr 10468906545 20221823
0 1 284 1-284 xos 15256240480 20221717
2 1 285 1-285 htb 12661778545 20220836
0 1 286 1-286 aha 16238248293 20221300
2 1 287 1-287 zrr 10468906545 20220327
0 1 288 1-288 ojo 16250057219 20221517
0 1 289 1-289 hsd 19341062244 20221528
0 1 290 1-290 sat 11409345240 20220711
0 1 291 1-291 ipo 19880424177 20221705
0 1 292 1-292 dii 17470184985 20221436
0 1 293 1-293 pzl 14003542108 20220301
0 1 294 1-294 xos 15256240480 20220615
0 1 295 1-295 nsw 19121061507 20221102
2 1 296 1-296 oiw 14592924733 20221527
0 1 297 1-297 kyu 19490539660 20220710
0 1 298 1-298 cen 12441818950 20221722
0 1 299 1-299 hhm 19541122966 20221225
0 1 300 1-300 msj 15747610490 20221824
0 1 301 1-301 kyu 19490539660 20221114
0 1 302 1-302 oit 18800045523 20221316
0 1 303 1-303 zrr 10468906545 20220009
0 1 304 1-304 kyu 19490539660 20220223
0 1 305 1-305 hsd 19341062244 20221102
2 1 306 1-306 hhm 19541122966 20220223
0 1 307 1-307 msj 15747610490 20221527
0 1 308 1-308 jla 15568077656 20221928
0 1 309 1-309 pzl 14003542108 20220811
0 1 310 1-310 vic 16415222228 20221022
0 1 311 1-311 pzl 14003542108 20220315
0 1 312 1-312 aha 16238248293 20221622
0 1 313 1-313 zrr 10468906545 20221908
0 1 314 1-314 aha 16238248293 20220936
2 1 315 1-315 zrr 10468906545 20220413
0 1 316 1-316 yyv 19813333702 20220122
0 1 317 1-317 sat 11409345240 20221318
2 1 318 1-318 oit 18800045523 20220931
2 1 319 1-319 hhm 19541122966 20220604
2 1 320 1-320 htb 12661778545 20220720
0 1 321 1-321 nsw 19121061507 20221534
2 1 322 1-322 oiw 14592924733 20221507
0 1 323 1-323 nfo 14737234357 20221738
2 1 324 1-324 nzg 14007734294 20221104
0 1 325 1-325 oit 18800045523 20220316
0 1 326 1-326 nfo 14737234357 20220004
2 1 327 1-327 hhm 19541122966 20220223
2 1 328 1-328 htb 12661778545 20221731
0 1 329 1-329 dii 17470184985 20221705
0 1 330 1-330 dii 17470184985 20221300
0 1 331 1-331 nzg 14007734294 20221506
0 1 332 1-332 yyv 19813333702 20220934
0 1 333 1-333 zrr 10468906545 20220916
0 1 334 1-334 cis 13316728196 20221205
2 1 335 1-335 oiw 14592924733 20220325
2 1 336 1-336 vic 16415222228 20221225
0 1 337 1-337 cis 13316728196 20221219
0 1 338 1-338 nfo 14737234357 20220926
0 1 339 1-339 yyv 19813333702 20221132
0 1 340 1-340 xos 15256240480 20220413
0 1 341 1-341 hsd 19341062244 20220424
2 1 342 1-342 zrr 10468906545 20220326
2 1 346 1-346 xos 15256240480 20220639
2 1 354 1-354 yyd 15976619152 20220819
2 1 355 1-355 htb 12661778545 20221316
2 1 358 1-358 zrr 10468906545 20220011
2 1 367 1-367 zrr 10468906545 20221820
1 1 372 1-372 hhm 19541122966 20221620
1 1 373 1-373 htb 12661778545 20220736
1 1 376 1-376 xos 15256240480 20220304
1 1 380 1-380 oit 18800045523 20221231
1 1 382 1-382 nzg 14007734294 20220002
1 1 384 1-384 oit 18800045523 20220623
1 1 386 1-386 nzg 14007734294 20220410
1 1 389 1-389 oiw 14592924733 20220332
1 1 393 1-393 yyv 19813333702 20220124
1 1 394 1-394 hhm 19541122966 20221227
1 1 395 1-395 orf 13477284808 20220509
1 1 397 1-397 nzg 14007734294 20220219
1 1 400 1-400 oit 18800045523 20221937
1 1 403 1-403 htb 12661778545 20221405
1 1 405 1-405 yyd 15976619152 20220115
1 1 408 1-408 xos 15256240480 20220828
1 1 412 1-412 oit 18800045523 20221931
1 1 416 1-416 ojo 16250057219 20220426
1 1 419 1-419 orf 13477284808 20220712
1 1 422 1-422 yyv 19813333702 20220202
1 1 427 1-427 yyd 15976619152 20221310
1 1 431 1-431 orf 13477284808 20220727
1 1 432 1-432 ojo 16250057219 20221710
1 1 434 1-434 yyv 19813333702 20220138
1 1 438 1-438 nzg 14007734294 20221123
1 1 439 1-439 zrr 10468906545 20221917
1 1 440 1-440 oiw 14592924733 20221203
1 1 441 1-441 vic 16415222228 20220431
1 1 442 1-442 yyv 19813333702 20220814
1 1 444 1-444 hhm 19541122966 20221809
1 1 446 1-446 hhm 19541122966 20220416
1 1 448 1-448 htb 12661778545 20221403
1 1 456 1-456 yyd 15976619152 20221923
1 1 459 1-459 ojo 16250057219 20221616
1 1 462 1-462 zrr 10468906545 20221532
1 1 466 1-466 nzg 14007734294 20220324
1 1 469 1-469 oiw 14592924733 20221113
1 1 470 1-470 yyv 19813333702 20221334
1 1 472 1-472 orf 13477284808 20221205
1 1 478 1-478 oiw 14592924733 20220708
1 1 479 1-479 oiw 14592924733 20220608
0 2 0 2-0 htb 12661778545 20221011
0 2 1 2-1 kyu 19490539660 20221706
0 2 2 2-2 kyu 19490539660 20220115
0 2 3 2-3 msy 15903837854 20221237
0 2 4 2-4 oit 18800045523 20221428
0 2 5 2-5 ojo 16250057219 20220327
0 2 6 2-6 msy 15903837854 20221201
0 2 7 2-7 yyv 19813333702 20220200
0 2 8 2-8 yyv 19813333702 20220517
0 2 9 2-9 kyu 19490539660 20221212
0 2 10 2-10 cis 13316728196 20221238
0 2 11 2-11 nwb 17734631721 20221007
0 2 12 2-12 ojo 16250057219 20221535
0 2 13 2-13 nfo 14737234357 20221337
0 2 14 2-14 yyv 19813333702 20220823
0 2 15 2-15 pzl 14003542108 20221013
0 2 16 2-16 nzg 14007734294 20221421
2 2 17 2-17 xos 15256240480 20220304
0 2 18 2-18 orf 13477284808 20220709
0 2 19 2-19 nzg 14007734294 20221511
0 2 20 2-20 ojo 16250057219 20220331
0 2 21 2-21 lcd 18936317311 20221108
0 2 22 2-22 cen 12441818950 20220810
0 2 23 2-23 cis 13316728196 20221834
2 2 24 2-24 vic 16415222228 20221105
0 2 25 2-25 nzg 14007734294 20220735
0 2 26 2-26 vic 16415222228 20220636
0 2 27 2-27 jla 15568077656 20221519
0 2 28 2-28 nfo 14737234357 20220526
0 2 29 2-29 orf 13477284808 20221912
2 2 30 2-30 orf 13477284808 20220335
0 2 31 2-31 htb 12661778545 20221639
2 2 32 2-32 xos 15256240480 20220001
0 2 33 2-33 sat 11409345240 20221702
0 2 34 2-34 dii 17470184985 20220520
2 2 35 2-35 yyv 19813333702 20221028
0 2 36 2-36 msj 15747610490 20220830
0 2 37 2-37 vic 16415222228 20220909
0 2 38 2-38 lcd 18936317311 20221026
0 2 39 2-39 orf 13477284808 20221523
0 2 40 2-40 hhm 19541122966 20220009
0 2 41 2-41 vic 16415222228 20220829
0 2 42 2-42 dii 17470184985 20221516
0 2 43 2-43 zrr 10468906545 20221729
0 2 44 2-44 orf 13477284808 20221206
0 2 45 2-45 ojo 16250057219 20221524
0 2 46 2-46 dii 17470184985 20221238
0 2 47 2-47 hsd 19341062244 20220707
0 2 48 2-48 zrr 10468906545 20220612
0 2 49 2-49 jla 15568077656 20220502
1 2 50 2-50 vic 16415222228 20220215
0 2 51 2-51 aha 16238248293 20221702
0 2 52 2-52 pzl 14003542108 20220138
0 2 53 2-53 yyv 19813333702 20221011
1 2 54 2-54 xos 15256240480 20220522
0 2 55 2-55 sat 11409345240 20221733
0 2 56 2-56 cis 13316728196 20221915
0 2 57 2-57 nfo 14737234357 20221238
0 2 58 2-58 yyv 19813333702 20220003
0 2 59 2-59 smf 19441647964 20220020
0 2 60 2-60 nsw 19121061507 20220127
0 2 61 2-61 orf 13477284808 20221811
0 2 62 2-62 smf 19441647964 20221008
0 2 63 2-63 lcd 18936317311 20220806
0 2 64 2-64 pzl 14003542108 20220820
0 2 65 2-65 cen 12441818950 20220218
0 2 66 2-66 nfo 14737234357 20220508
0 2 67 2-67 ipo 19880424177 20221503
1 2 68 2-68 oit 18800045523 20221514
1 2 69 2-69 nzg 14007734294 20220402
0 2 70 2-70 ojo 16250057219 20220928
0 2 71 2-71 yyv 19813333702 20220931
0 2 72 2-72 ipo 19880424177 20221602
1 2 73 2-73 xos 15256240480 20221713
0 2 74 2-74 vic 16415222228 20220127
0 2 75 2-75 ojo 16250057219 20221227
0 2 76 2-76 yyv 19813333702 20220305
0 2 77 2-77 orf 13477284808 20220211
0 2 78 2-78 cis 13316728196 20220202
0 2 79 2-79 oiw 14592924733 20220606
0 2 80 2-80 orf 13477284808 20221108
0 2 81 2-81 ipo 19880424177 20220715
0 2 82 2-82 smf 19441647964 20220718
0 2 83 2-83 zrr 10468906545 20221020
0 2 84 2-84 cen 12441818950 20221916
0 2 85 2-85 aha 16238248293 20220415
0 2 86 2-86 orf 13477284808 20221229
0 2 87 2-87 msj 15747610490 20220129
0 2 88 2-88 jla 15568077656 20221432
0 2 89 2-89 oit 18800045523 20220311
0 2 90 2-90 msj 15747610490 20221719
0 2 91 2-91 sat 11409345240 20221309
0 2 92 2-92 smf 19441647964 20220621
0 2 93 2-93 pzl 14003542108 20221517
0 2 94 2-94 xos 15256240480 20221121
0 3 0 3-0 kyu 19490539660 20220623
0 3 1 3-1 jla 15568077656 20220630
0 3 2 3-2 hsd 19341062244 20221526
0 3 3 3-3 nfo 14737234357 20220223
0 3 4 3-4 nzg 14007734294 20220736
0 3 5 3-5 hhm 19541122966 20221136
0 3 6 3-6 jla 15568077656 20220329
2 3 7 3-7 orf 13477284808 20221110
0 3 8 3-8 lcd 18936317311 20221618
0 3 9 3-9 nsw 19121061507 20221526
0 3 10 3-10 nwb 17734631721 20221828
0 3 11 3-11 hsd 19341062244 20220515
0 3 12 3-12 lcd 18936317311 20220817
0 3 13 3-13 pzl 14003542108 20221526
0 3 14 3-14 cen 12441818950 20220001
0 3 15 3-15 kyu 19490539660 20221415
0 3 16 3-16 jhb 13775898010 20221525
0 3 17 3-17 vic 16415222228 20220228
0 3 18 3-18 ojo 16250057219 20221836
0 3 19 3-19 msy 15903837854 20220918
2 3 20 3-20 yyv 19813333702 20221636
0 3 21 3-21 oiw 14592924733 20221713
2 3 22 3-22 vic 16415222228 20221811
2 3 23 3-23 nzg 14007734294 20221723
0 3 24 3-24 dii 17470184985 20221618
2 3 25 3-25 oit 18800045523 20221110
2 3 26 3-26 ojo 16250057219 20220315
0 3 27 3-27 dii 17470184985 20221725
2 3 28 3-28 oiw 14592924733 20221300
2 3 29 3-29 yyd 15976619152 20220634
0 3 30 3-30 vic 16415222228 20221100
0 3 31 3-31 ipo 19880424177 20221611
2 3 32 3-32 ojo 16250057219 20221934
0 3 33 3-33 vic 16415222228 20221736
2 3 34 3-34 ojo 16250057219 20221806
0 3 35 3-35 cen 12441818950 20220330
2 3 36 3-36 orf 13477284808 20221436
0 3 37 3-37 aha 16238248293 20220838
0 3 38 3-38 xos 15256240480 20220126
0 3 39 3-39 msy 15903837854 20220830
0 3 40 3-40 zrr 10468906545 20221039
2 3 41 3-41 oiw 14592924733 20220225
2 3 43 3-43 xos 15256240480 20221630
2 3 44 3-44 oiw 14592924733 20221139
